
strategic_region = {
	id = 201
	name = "STRATEGICREGION_201"
	provinces = {
		2111 2142 2147 2168 2181 2204 5115 5148 5151 5200 5208 8140 8175 8189 8224 10959 11010 12939 12951 12959 12987 13248 13249 13250 13251 13253 13254 13256 13258 13259 13260 13263 13264 13265 13266 13267 13268 13269 13272 13275 13276 13278 13279 13280 13282 13284 13285 13287 13289 13291 13293 13294 13295 13296 13298 13300 13301 13302 13303 13304 13305 13307 13311 13312 13314 13326 13397 13405 13516 13519 13522
	}
	weather = {
	}
}
