3 5 6521 9428 6441 514 6559 
3 4 6521 3499 9456 3522 
3 4 3522 9375 526 6377 
3 4 6377 6263 6298 9347 
3 7 6521 11505 9496 3572 6595 552 9570 
1 6 9347 9320 11331 6389 317 11366 
2 3 6377 3271 3326 
3 2 6469 587 
3 2 6469 495 
2 6 495 6535 9509 405 3395 6377 
3 5 6488 6444 11494 3547 587 
3 5 6488 589 6568 3530 9517 
3 5 692 3705 708 11499 9517 
3 3 692 11653 9515 
3 4 9515 3299 571 11544 
2 3 692 9652 707 
2 4 11544 11529 6555 9517 
3 5 11544 9572 11417 6594 6488 
3 4 6377 11493 6513 9524 
2 14 6332 6402 3380 389 334 11288 11260 9252 9387 6236 537 3207 11505 6521 
2 6 6332 395 281 6407 3272 6296 
2 3 3320 327 6296 
3 16 6380 11282 3358 11250 3215 11315 2999 187 9111 6086 6035 6095 9164 11068 79 6174 
2 4 758 11710 9689 6734 
2 5 11805 3861 799 6924 9817 
1 7 6880 9765 3866 980 970 11768 11805 
2 3 6734 9686 11677 
1 4 11677 11692 6955 758 
2 7 6906 9896 6817 3873 6966 6812 9764 
1 4 6906 6959 9889 4098 
1 2 4098 10024 
1 5 10024 10109 4065 11956 1176 
1 3 1176 11956 12038 
2 4 1176 7068 7198 4182 
1 3 4182 10009 9979 
1 2 7183 1048 
1 4 4182 7198 6744 875 
1 3 7183 1178 875 
2 4 3816 9813 11821 915 
2 7 3938 9767 6993 9785 11766 813 3816 
1 5 3938 3794 9800 9846 11825 
1 4 11825 6936 903 885 
1 6 11825 4024 3920 726 3729 11707 
1 7 11677 11840 3725 3727 3918 918 11825 
1 5 11707 6749 9703 11688 740 
1 5 6867 874 845 889 9817 
2 4 10024 1093 9903 832 
1 4 4098 1093 11884 832 
1 5 832 942 9757 6914 3938 
2 4 875 3871 3810 6948 
1 5 3945 6879 9852 6914 3938 
1 6 6906 3799 871 7213 11737 3816 
2 4 6287 6393 3260 3325 
1 3 6364 6235 394 
1 2 9335 6336 
2 4 6469 3512 9363 6241 
1 3 391 68 3314 
1 2 9498 3262 
1 2 6598 3262 
3 2 6598 516 
3 3 11519 13068 516 
2 2 9559 6583 
2 3 9853 3946 6917 
2 4 6788 3772 11891 9909 
2 5 9490 3506 6949 11518 11506 
3 3 678 6529 9503 
3 5 9503 549 3629 11502 9559 
2 5 6788 771 9741 11730 6780 
2 5 6780 11730 9741 776 3780 
1 4 6788 3773 6790 3780 
2 6 3780 607 6635 636 9618 9620 
1 3 663 9638 9620 
1 6 663 11623 6680 6678 9633 11618 
3 4 9515 9681 3703 9665 
3 4 9665 11651 704 11666 
3 4 11666 6690 9648 13575 
1 4 11584 628 13582 6626 
3 3 688 3684 9665 
1 4 688 3675 13211 11618 
2 6 663 11601 3641 9600 9584 3780 
2 3 603 3604 11584 
2 4 603 3776 773 3780 
2 4 603 3776 11734 6606 
1 4 6606 6793 9582 11584 
1 4 3780 6790 9752 6606 
2 2 6606 782 
1 4 782 9924 967 925 
2 2 6788 6973 
2 2 9904 11751 
1 4 11751 6862 6875 11833 
1 3 11833 6946 6973 
1 4 9907 1616 6985 6606 
1 5 9907 9879 9750 6862 11751 
1 6 9904 5042 9794 6926 11790 925 
1 3 6831 9838 925 
2 4 11837 9784 6843 883 
1 4 883 6939 3966 6831 
2 3 819 11803 883 
2 2 11846 9904 
1 4 11846 923 9826 819 
2 8 9990 12066 3901 10027 3968 851 955 819 
1 2 11998 11837 
1 6 9990 12066 12098 10027 9856 11837 
1 2 4014 4159 
2 4 4159 1156 3857 10074 
1 5 11773 11874 11824 9772 6891 
2 6 383 3307 6412 9362 6345 9279 
2 4 11380 11082 161 6050 
2 10 9279 11376 9300 9410 9251 9329 9406 6397 9393 11380 
2 12 383 6331 3286 3375 3063 6188 9209 9109 11188 11082 161 6050 
1 6 9279 11376 6120 11160 11327 11215 
1 3 6296 6360 6229 
1 4 9340 6222 6342 6376 
2 6 3320 9295 11498 11226 11358 310 
1 5 9340 10323 11222 7482 310 
3 6 11542 9414 469 6559 3535 11481 
3 3 11666 6739 9692 
2 4 9692 9539 3484 9551 
2 2 9551 13553 
1 5 9551 11539 581 3550 3581 
3 5 9660 9690 11679 3716 9692 
2 7 9660 11663 9676 6720 3700 12549 11666 
2 6 9660 6703 682 3670 9611 11581 
3 3 6626 599 9627 
1 8 11581 624 9595 6647 9608 3623 619 3617 
2 3 3617 11580 11586 
2 3 3601 3592 11581 
2 5 6626 11735 11564 13673 3601 
1 5 3601 6611 984 3974 3924 
2 5 3882 11832 9906 9890 9602 
1 4 9602 6634 11583 11586 
1 4 3882 3833 3526 11818 
2 9 4109 3988 1109 976 863 6930 3844 10163 11818 
2 5 9602 11887 11868 965 949 
1 8 949 3971 3952 3819 6842 9769 649 9783 
2 4 949 3908 3937 6923 
2 4 9833 6895 3893 11842 
2 2 3663 9617 
2 4 9617 11603 6677 9635 
1 8 6711 3694 676 6679 6709 3676 11619 3663 
1 3 6711 3709 3696 
2 7 9660 684 6716 699 730 11659 3696 
1 3 3696 713 10104 
1 4 10104 3548 11691 3565 
1 5 3152 11426 11127 11443 4640 
1 6 4640 126 3120 181 11080 6174 
1 4 3083 9194 6108 11105 
1 4 3151 3060 9100 9206 
1 7 9206 6082 11056 9183 9073 67 6144 
2 5 11370 277 6340 13739 3320 
3 3 9508 9400 3544 
3 7 9427 11413 442 6499 6522 9468 11479 
3 6 3544 524 402 9544 11466 3392 
1 4 3501 13070 11333 6103 
1 4 9458 507 9239 6103 
1 7 540 3463 9484 6351 11471 9239 6103 
1 4 3369 11471 9239 6103 
1 5 6103 9239 6221 6270 9297 
1 3 3369 7239 9297 
3 4 6103 11374 221 271 
1 3 9297 11345 9315 
1 7 6103 11221 296 9322 364 11382 9315 
1 3 3369 6378 377 
1 6 377 3241 6301 3301 3205 6384 
1 4 9315 11382 9269 11297 
1 5 6384 6335 6399 11332 11218 
1 4 351 11299 11378 9392 
1 5 11218 9350 9237 6395 3273 
1 3 9392 9383 3273 
1 5 3273 9383 6300 3150 11136 
1 5 3273 9383 159 11306 9075 
2 3 3320 9274 3393 
1 7 11241 9323 6249 6326 3219 6459 310 
2 4 11241 323 6293 11234 
1 7 3151 6174 11032 9098 3053 11097 11202 
1 4 9164 3072 117 11109 
1 6 11349 11326 366 3358 11282 6380 
1 5 11349 6264 3235 9287 11234 
2 4 11370 294 11322 3331 
1 4 3331 11220 11290 306 
1 8 383 295 11070 69 147 3007 11184 6115 
1 7 9096 6151 9036 3094 9204 9103 6115 
1 9 6115 11078 9157 27 11037 3059 9170 6145 122 
1 4 11028 9157 11078 6115 
1 5 11028 9227 11206 9139 3022 
1 12 9108 6083 6161 9220 11067 118 11185 6063 130 205 9035 3108 
1 10 6050 9149 3182 11091 9117 49 9051 125 9035 3108 
1 4 9197 11068 149 3151 
1 7 9197 70 11059 9190 6057 90 11159 
1 10 11159 9118 3033 11092 155 11175 6021 94 9195 3189 
1 9 3189 86 3008 9162 3121 6181 9201 11117 3134 
1 6 9073 11138 9056 9163 141 11141 
1 8 11202 415 592 9485 3388 9501 9240 9340 
2 10 306 3362 6387 9272 11254 335 401 3327 3391 6380 
2 5 11370 216 386 331 6373 
2 3 6373 6344 9288 
2 7 11479 491 11427 438 462 3457 476 
1 4 11479 11411 11550 9548 
1 6 476 9423 9576 754 741 11670 
1 5 476 9481 11490 504 525 
2 8 3686 705 3722 568 737 3573 588 11405 
1 5 11437 9433 6478 3468 488 
1 6 11437 453 472 3449 6776 6420 
2 4 9417 9430 6493 6474 
2 6 9417 585 3587 3765 3752 3734 
1 4 3734 9696 3760 11668 
1 4 3668 3682 6689 3672 
2 6 7661 7495 4458 7624 4463 3668 
2 6 1599 1530 9626 654 772 3653 
1 9 1599 11708 1539 11674 11645 4477 4614 1536 7661 
2 13 3672 9647 685 11633 714 9691 9694 735 9709 6781 3587 585 9417 
2 2 413 3527 
2 10 9417 11434 11450 11459 3519 3540 6591 11412 11475 3527 
1 9 418 9556 6554 9531 3491 3479 6505 6474 6776 
2 8 3527 9552 9489 6432 11439 3409 9556 418 
1 5 3580 558 3492 9449 418 
1 4 525 11557 6532 3480 
2 4 9288 546 9506 3480 
2 6 6508 9566 3225 288 3306 3335 
2 9 3335 6252 11284 11235 11300 3263 6348 6414 6380 
2 4 3580 9260 9328 9355 
2 5 9355 9411 11242 3292 6262 
2 6 6262 6396 6290 9348 6414 6380 
2 3 413 6341 6398 
2 4 6398 6230 6279 3356 
2 8 6380 6414 9348 9282 11268 11379 11248 3356 
2 5 3578 3426 9460 6328 3304 
2 7 6398 9394 9245 11381 11351 340 313 
2 6 121 252 6356 9278 9378 6380 
2 7 121 9122 11099 2 9168 2996 9131 
2 4 9197 70 11174 3140 
2 9 3140 172 9107 3163 11083 81 9207 11189 9131 
2 12 6380 301 11362 6316 378 280 3370 3268 6392 6295 6299 11375 
2 3 11344 3303 11375 
2 11 6380 301 3290 9235 11217 214 3339 6362 6410 9407 11344 
2 6 313 3304 6353 6382 9409 9258 
2 6 9258 9286 6391 11262 11394 11344 
2 11 9258 9286 11269 3317 286 3276 6302 6226 9365 9243 11225 
2 8 11225 11348 393 3357 3330 6515 9420 12128 
2 8 11225 11377 11256 3265 4324 4283 1305 1278 
2 6 1278 12117 10142 10329 12157 9292 
2 5 9292 1233 12287 10133 1821 
1 7 12128 3563 4322 1254 4294 7370 10253 
1 7 7243 4300 4374 4227 1314 12294 10253 
2 7 6338 260 9336 3251 3300 6388 6278 
2 11 6278 7403 206 1380 10286 10314 361 3280 7320 10133 1821 
2 6 7375 11228 237 4758 12567 1821 
2 10 7375 11352 7346 12203 9293 370 3027 3139 272 6124 
2 13 9131 2996 11143 143 3135 9200 11075 73 3066 3103 6089 9214 6124 
2 5 11747 11784 9806 6808 3951 
1 4 3951 6871 11811 11829 
2 3 9878 3983 3951 
1 6 9878 3876 11860 940 9755 6807 
1 9 10056 11810 11746 6956 6888 961 9830 9763 6807 
2 4 1821 307 12102 1387 
2 3 9292 1327 1292 
1 3 3325 3277 399 
1 3 3325 3277 6364 
1 3 11366 332 399 
2 8 1292 1775 1294 1694 7874 7800 1709 10696 
2 8 10696 4700 12652 10600 3472 7774 7846 1387 
2 6 10696 12679 1733 1860 7825 7274 
1 9 7243 7600 7657 12329 7597 12397 4686 10148 1459 
1 8 12333 8099 10414 7924 10742 9605 1573 10671 
2 8 7274 4866 7757 12631 7886 10712 10639 12691 
2 8 12691 12621 1876 1813 10549 10661 12540 4797 
2 11 4677 7786 1672 4705 1696 7816 10528 4837 1762 10543 4797 
2 9 957 6989 11750 6684 664 6686 11643 10466 12189 
2 7 7381 4406 1425 4621 4434 7642 10135 
2 4 1330 10154 10283 10344 
1 5 1492 7469 12464 1082 8063 
2 2 4075 4119 
3 2 1182 9998 
2 3 9998 7157 7087 
2 3 7087 12097 10125 
2 2 7072 11960 
2 5 10125 7187 4172 4142 11960 
2 4 7072 13865 12031 7212 
2 3 7212 11946 1092 
2 3 1092 10052 11985 
2 2 11960 1136 
2 8 1136 9985 10055 1167 7145 1191 7050 11985 
2 2 1025 7110 
1 2 7110 9950 
2 6 4102 1183 12006 11925 4164 7110 
1 2 11985 1025 
2 5 11960 4142 4172 7102 10032 
2 7 1182 4188 4100 7016 4118 1024 7169 
2 4 7169 12056 3848 6994 
2 6 1117 11930 4067 1063 9865 6994 
2 2 12007 1117 
1 3 12007 10128 10032 
2 5 10125 7187 10015 11989 12007 
2 5 1182 1097 11908 11989 12007 
2 3 3962 7532 10444 
1 3 10444 10512 12421 
1 3 6994 9859 3962 
2 4 4056 4086 1081 11977 
2 4 11948 10110 4126 11977 
2 4 11977 7204 7221 7125 
2 5 7125 9981 848 10083 6928 
2 5 7125 12040 11915 10065 4052 
2 5 4052 9790 912 11835 6981 
2 5 11771 9885 3895 3839 6981 
2 5 11771 987 9781 11764 964 
2 6 11815 3934 934 6898 3881 9873 
2 3 964 3783 1150 
2 3 9843 11761 10068 
1 3 9843 11822 12043 
2 10 10068 12043 1052 3900 11886 9835 7790 11815 6951 11771 
2 6 1069 7189 11980 9969 4137 10068 
2 5 9843 4140 12026 7109 4190 
1 11 6932 1575 7571 4634 1115 4174 1962 12344 12078 4093 4190 
1 3 9843 6904 10397 
2 5 1069 4037 12015 9956 12055 
2 6 7014 10034 10076 7120 11982 11913 
1 8 7014 12076 4042 7191 11991 1096 7058 9974 
2 6 4190 1188 1169 4144 1139 9958 
2 8 4619 7167 10462 10446 7568 12012 10364 9958 
1 4 4619 4631 9999 7097 
1 6 1628 7653 3992 4083 7172 7199 
2 3 10062 7108 1047 
1 6 9958 7656 10098 7085 7025 12055 
2 5 12068 1091 11959 7214 7186 
2 3 1047 12095 1120 
1 3 9991 12010 11968 
1 6 12366 1497 12423 9993 11929 11968 
1 4 4644 7662 7565 10443 
1 6 10077 1609 4616 10443 10349 7455 
2 7 4245 10077 4644 7593 7537 4544 4516 
1 4 12307 12035 1444 7220 
1 4 4062 4104 1101 10060 
1 5 10060 10116 12462 11978 10001 
1 5 10001 10255 4237 1228 7340 
1 5 7340 4280 12114 4472 8087 
1 6 10278 12180 10152 1430 4321 7340 
1 6 10278 7436 1268 10246 4416 7265 
2 4 10278 1344 12734 8011 
1 4 4416 1409 7288 1321 
1 6 7447 10274 7363 8067 10808 12734 
1 4 7447 7391 10190 7244 
1 5 10756 4414 10208 8100 8011 
1 4 10756 10259 5104 8087 
1 5 1344 7310 12779 10296 10756 
1 2 1359 5104 
1 7 1349 10270 4353 12142 1359 10324 8087 
1 10 1349 12269 12182 10210 12295 7250 12105 4278 5032 10208 
1 6 9975 11952 7150 4187 7013 1349 
1 4 4516 1569 2005 7938 
2 3 5040 5055 12137 
1 4 5040 4045 2036 12137 
1 3 4516 10751 9973 
1 4 9973 4299 1377 12137 
3 4 12137 5086 10794 2086 
2 7 10887 12005 12822 10729 13854 2032 2086 
1 5 9084 10066 10772 2002 2032 
1 3 10887 9084 8007 
1 3 3456 10108 4110 
1 3 4110 7084 10735 
1 3 10735 8098 5105 
1 4 10735 1971 10898 8007 
1 4 10887 4979 8022 12763 
1 4 9975 1144 7207 4132 
1 9 4245 4062 7220 1059 1538 10428 9946 7574 10401 
1 5 10030 13857 4883 5264 10401 
1 5 7013 4072 7060 7430 10030 
1 6 10030 4950 11995 4953 5096 5040 
1 3 7260 7344 10201 
1 4 5105 8013 12761 5075 
1 5 10106 1600 3795 12046 2097 
2 4 11746 806 3889 12473 
1 6 4111 4550 11919 1056 7140 12473 
1 2 4111 792 
1 2 1086 4206 
1 4 11976 4591 4574 7151 
1 4 4111 1074 7170 7151 
1 6 4206 4088 4161 11979 1155 12049 
1 2 4073 12049 
1 2 4073 7011 
1 2 11829 9833 
2 4 4345 4417 10320 7433 
2 10 7433 1284 12291 4362 7379 12289 1424 7304 7644 7361 
2 7 10320 10174 12221 1282 4342 4285 12289 
3 3 4345 4270 3778 
2 8 3775 6797 9580 11567 3605 6625 4270 4345 
2 13 9450 6713 11641 11685 9684 6769 11669 9724 9711 722 11695 3763 3775 
3 6 3778 3635 3661 9634 6676 6510 
2 13 6510 9467 12278 12582 602 777 10718 4775 7899 1769 4875 4426 4872 
2 12 6510 9480 1299 4869 1782 10718 7794 13094 11571 4875 4426 4872 
2 3 12603 10611 4739 
2 5 4739 9669 6726 515 3010 
2 7 4872 12688 3721 12593 12663 3481 4739 
2 5 12603 1788 3721 12688 4872 
2 11 12603 10611 11440 10684 3706 4765 4877 4343 7853 4413 1408 
1 6 3010 6754 1347 7761 1737 7853 
2 4 1408 4428 10157 7315 
3 3 7315 12214 10327 
2 4 7315 7386 10271 12211 
2 2 12603 4759 
2 4 4759 10709 1752 3719 
2 4 3719 10618 6752 1866 
2 3 9450 8088 12357 
2 8 12357 9657 926 1760 10526 3699 1719 1866 
2 6 1866 4807 4664 10341 12456 12357 
2 9 9450 12368 6737 11589 1560 10341 4664 4807 1866 
1 7 9450 6713 11641 695 691 11656 6710 
2 7 6710 9724 9711 722 11695 749 11654 
2 6 9450 6713 9654 11637 1958 689 
2 4 689 3685 9825 6890 
2 5 6890 882 3687 6707 11654 
2 4 6732 3906 9832 11830 
2 9 4345 7345 11662 10381 11665 3806 6911 10731 3878 
2 4 3878 9847 6909 11830 
2 2 3878 6882 
2 3 6882 3863 6845 
2 3 6845 3824 6984 
3 2 6984 3957 
2 5 3957 873 3823 11841 10412 
2 8 6845 6869 11785 9804 847 3850 880 11800 
2 4 6855 827 9808 11800 
2 11 9450 6713 9653 870 11791 3872 659 3853 6874 9808 11800 
2 6 1595 9796 831 11776 11760 6855 
2 2 1595 4527 
2 11 4527 4601 9775 9760 7528 3975 801 9923 6823 6929 3957 
2 6 12211 3513 12183 7865 12553 9616 
2 6 1866 9880 7536 12577 12646 12586 
2 10 12586 10666 11788 12418 7306 10478 11589 12312 8088 9450 
2 6 12586 7852 3855 3613 4760 4723 
2 9 9450 12368 6737 10393 7539 1586 1678 9892 12586 
1 6 1595 4531 4437 10461 9682 9450 
2 11 11654 734 3733 3702 9708 1436 9693 3806 6911 10731 3878 
2 4 6696 1881 10448 1595 
2 4 6696 12709 12568 9727 
2 3 4527 1445 9727 
2 4 1572 12381 1480 11975 
2 6 1843 9834 10489 866 12439 1572 
2 3 1572 1584 7388 
2 6 1572 12353 1433 12470 10492 12384 
2 3 12735 7422 492 
1 4 12384 7583 860 492 
2 3 492 10520 7480 
2 3 7552 7524 4464 
2 3 7552 1453 10449 
2 4 7552 1453 1643 1528 
2 5 1528 12401 6968 9829 3960 
2 4 3960 10861 10504 10337 
2 6 10337 1500 12313 4507 4535 7552 
2 5 10337 12410 4884 2042 6785 
2 4 10337 12341 1927 12782 
2 5 3960 7981 5022 1927 12782 
2 3 6785 12369 5015 
1 3 5015 10769 12835 
3 5 12782 6987 5061 2060 12835 
1 2 8097 10740 
2 4 12835 13477 7973 8003 
2 3 8003 10916 10830 
2 3 10830 12745 8097 
2 6 12782 2019 12728 5038 10894 10740 
2 4 5021 2083 12721 12835 
2 3 1965 2011 4956 
1 2 4956 5021 
1 6 4956 2083 1952 13471 12721 12835 
1 2 4956 10172 
1 4 1965 2011 2008 10172 
1 6 10172 13468 12804 13475 10853 8003 
1 4 1965 12755 4887 13089 
2 2 3834 853 
2 5 3834 7920 5044 12791 10740 
2 5 4908 4977 1945 13478 8057 
2 8 13089 13461 12746 12873 10895 13470 13473 8057 
1 3 8032 2051 13089 
2 5 12810 13451 8236 13448 12753 
1 5 10886 10842 13704 13442 12753 
2 3 3960 9829 5001 
2 6 5001 7485 12458 12489 4444 1646 
2 3 7202 1547 11975 
1 4 10412 3925 11738 788 
2 5 7202 10029 7012 4491 7138 
2 7 12384 638 10394 1485 4653 4491 7138 
1 8 7012 7134 11927 7083 7045 11783 6943 788 
1 4 1132 4168 6943 788 
1 4 7138 7083 12054 1132 
1 5 10412 9931 12445 10081 7138 
1 3 4464 7668 7480 
1 5 3957 951 11873 10343 7646 
1 5 7646 7466 4627 12637 9727 
1 3 9727 1582 913 
1 9 7622 10498 13608 10374 13617 4476 13603 12347 1550 
2 3 8252 5051 12798 
1 3 913 7791 10909 
2 3 12384 5090 10909 
1 4 12735 12803 968 10909 
2 4 12735 10192 10824 12501 
2 4 12501 1987 10615 7797 
1 2 1646 7797 
2 5 12735 1587 10753 7464 7797 
2 4 10449 10410 4510 1646 
2 4 6696 6974 12670 12501 
2 6 1595 12437 1604 7626 12305 4569 
2 7 4569 12305 10457 12497 7611 9682 9450 
1 4 4569 1621 12361 10717 
1 3 10717 1564 1534 
1 5 4569 12346 12463 10370 1534 
2 5 4569 4449 4540 4625 7797 
2 10 9450 12368 6737 10339 1527 4590 7449 7607 12361 10717 
1 7 1866 9880 1867 12667 12620 3750 1747 
2 8 4723 10640 10711 1815 12651 1851 12585 4860 
1 3 4860 10593 10624 
2 4 12211 3513 4328 4274 
2 5 3588 6665 3471 10151 4274 
2 4 4274 4347 4331 3588 
3 3 3588 9697 9713 
2 4 9671 3677 6699 9713 
3 5 9713 6699 6694 6876 4518 
2 4 4518 9911 941 10387 
1 3 10387 10483 9814 
1 4 9814 11757 7517 1562 
1 3 1562 12374 7986 
2 3 7986 8115 853 
1 4 10387 12303 4727 7986 
2 7 10327 12673 12124 3781 6742 7779 4860 
2 11 4860 12572 4857 7880 1767 6722 12566 1836 4772 1752 3719 
2 4 10624 4863 7883 4759 
2 8 10327 1690 1832 4838 1854 1857 10593 10624 
2 5 10717 7834 1352 7892 4740 
2 4 1534 9802 4811 4740 
2 3 1534 2043 1806 
2 6 3960 2082 8025 5103 1618 1806 
1 3 1806 7904 10798 
1 3 10798 11802 4740 
2 5 3960 9920 5085 3875 3972 
2 3 10798 10702 3972 
2 5 4740 11802 7762 2055 3972 
2 2 3972 9908 
2 5 9908 12624 4586 10340 4740 
2 6 9908 12893 10867 8070 3867 10740 
2 4 10740 12791 3883 4975 
2 3 4975 10642 12627 
2 5 4740 10340 4586 1738 12627 
2 3 12627 10588 1827 
2 10 10717 7834 4757 12513 1753 10532 4871 12570 12642 1827 
2 9 10717 7834 1352 7892 12024 4814 4586 1738 12627 
2 3 1827 7780 4723 
1 3 853 1793 11814 
1 4 11814 4799 4657 10387 
1 4 853 7747 6897 10573 
1 4 10573 10645 12552 4975 
1 4 10573 7821 12765 11814 
1 9 12627 9792 868 1658 6887 1756 4742 10662 4865 
2 8 4865 10651 12573 12699 850 4799 4657 10387 
3 9 4865 10651 10591 7827 4736 10422 11698 710 9713 
2 3 4865 10582 12535 
2 4 12535 1789 10556 9616 
2 6 12535 7888 12633 12561 10640 4723 
1 4 1814 4804 12617 12604 
2 8 1814 4804 12617 7783 1713 7887 1565 4543 
1 4 1814 4804 7692 1801 
2 4 2197 5195 2203 2211 
2 5 7798 4776 12932 12924 12910 
2 8 7798 12576 7755 1667 10455 10682 12435 12406 
2 10 7564 7535 7522 4481 12308 7651 10487 10460 4560 7566 
1 4 1454 12104 1431 7669 
1 4 12364 1555 4573 7621 
1 5 12364 10402 12394 12409 1639 
1 9 12364 12351 10390 8208 13429 5184 5152 12970 8215 
1 4 8215 13236 650 13499 
1 5 650 5191 8194 13502 5228 
1 5 12994 5171 11000 13504 5228 
1 5 12994 13507 8217 13510 5131 
1 6 650 8229 8251 5121 12954 5169 
1 7 12306 13231 13232 10935 13230 12494 1639 
1 8 10953 12349 13305 13224 10981 12321 12494 1639 
1 3 12364 12351 7500 
1 4 5918 10985 8237 7500 
1 5 8187 10943 12453 10515 12364 
1 5 8187 8238 11007 2194 2152 
1 5 10362 12496 1613 1626 4604 
1 9 8216 5143 3147 8255 7915 5163 7901 8237 7500 
1 8 12930 10987 5229 2224 11001 12530 13548 8216 
1 3 12930 8157 5230 
1 4 5230 13195 13511 5131 
1 4 5166 2182 13514 13674 
1 4 4604 4589 13705 10447 
2 12 4604 4589 1598 7581 1542 1529 5156 8239 2109 11008 10947 10513 
1 2 10513 5112 
1 4 10513 10432 5172 10980 
1 5 10980 8190 12996 2153 10999 
1 2 13379 13377 
2 5 10980 5172 2185 8210 7476 
1 11 13267 2111 13259 13254 13251 13250 10994 5186 12438 10360 10513 
1 7 13267 13269 8175 11010 13295 13300 12939 
1 5 12977 7636 12438 10360 10513 
1 2 10946 8143 
1 3 5168 10967 10939 
1 3 5168 1446 2227 
2 4 4879 7605 5203 1509 
2 3 1509 13797 13795 
2 5 4696 13763 4822 13794 13795 
1 3 1833 13767 4822 
3 2 13795 13060 
2 2 4879 2207 
1 5 13654 4205 7872 13716 5199 
1 3 10968 12925 5117 
1 6 2196 8205 12911 2035 13365 8144 
1 3 5160 10860 1939 
1 4 1939 5196 13620 5210 
2 3 7011 10005 11964 
2 4 7011 10073 7164 4076 
2 2 7011 3996 
2 4 3996 4055 1068 10031 
2 4 10031 7144 11974 12044 
2 5 12044 1151 12071 1064 11999 
1 4 8105 10745 7989 2046 
1 2 2046 2003 
1 4 2046 10126 12881 12806 
1 5 11921 4129 7162 7180 11969 
2 5 11969 7180 1046 4920 12051 
2 6 7132 11923 12760 9964 4146 1145 
2 7 7132 4116 989 1111 7173 11987 7100 
1 4 7100 1194 10113 9945 
2 3 7100 10070 7069 
2 4 7069 10023 4139 4108 
3 4 9570 6512 9457 6464 
2 5 9427 11430 11532 6416 3458 
1 3 3458 6511 3544 
2 3 9817 11673 6734 
2 5 1908 4984 10847 1980 4110 
2 8 2086 2054 1908 4149 12886 1199 1103 9975 
2 9 4245 4204 7593 12452 1637 10471 10332 7938 5040 
1 8 3022 6038 3111 11049 3162 11052 46 3108 
3 5 11542 9429 583 3553 3569 
3 4 3569 6562 6590 9567 
3 5 3569 557 3718 6739 11666 
2 4 1965 13458 8089 12810 
2 5 4908 10765 13486 8012 3834 
2 3 7859 12435 12406 
1 9 12406 7520 10388 4478 4658 10500 12451 10430 7564 
2 4 8186 5225 10925 12910 
1 10 12406 1537 10427 12377 11019 2114 8249 5211 5225 8186 
1 13 8186 10927 8165 5197 12948 2191 10969 8200 10949 1526 10983 2157 1652 
1 11 6928 3981 3852 6922 959 6822 898 944 11862 9883 946 
2 10 957 3977 810 6811 11906 3791 10376 7591 9782 12412 
1 8 11771 11808 887 3913 3932 7663 9913 946 
2 4 4506 7582 7526 12412 
2 8 4506 12485 4876 10638 4745 7743 4719 4677 
2 7 4725 10655 7801 12678 12261 4805 12189 
2 9 4725 7763 12657 10678 7851 12543 10559 7725 4677 
3 9 11666 9527 6552 543 9541 9421 6418 6440 11542 
3 8 469 11432 3418 3585 6470 586 9416 11544 
2 3 9315 6318 6384 
2 5 9315 9379 9332 11270 351 
1 7 11459 500 509 9516 533 9504 3529 
1 10 3529 9504 3582 9436 11485 3539 9564 11408 3465 313 
1 6 9878 6945 11796 3927 6992 4112 
1 5 6912 11778 9921 928 4112 
1 5 9777 3903 3935 9915 11881 
1 4 3870 921 6977 9777 
1 5 3870 3807 11844 804 11747 
1 6 3889 9893 9912 7620 11759 4512 
1 7 1536 12434 11704 9715 4660 6997 12320 
1 3 3707 723 9716 
2 4 11543 6520 6579 3556 
1 3 3707 11686 754 
2 5 13011 9472 13081 3516 516 
2 6 6766 943 6917 6960 9898 11877 
2 5 6583 9418 9444 3516 516 
2 4 11519 11562 9522 587 
2 3 516 3576 11483 
1 5 516 6560 6446 575 11548 
1 6 12512 9877 3926 844 924 11805 
1 7 12512 9925 931 6954 11749 4080 7183 
1 5 12512 6866 11780 985 6948 
1 7 12512 9839 11756 13592 6867 3874 9846
1 6 6766 3749 929 11699 11697 743 
3 2 391 9498 
1 3 6336 6286 6241 
3 2 391 6241 
1 4 9335 11318 336 11360 
1 7 11360 336 11264 9281 11233 6535 495 
1 8 11976 2027 2095 10835 8092 2033 5037 12883 
1 8 9893 9823 11871 5004 12416 1549 10804 10106 
1 4 2097 7994 13747 8001 
1 2 2089 8085 
1 5 4206 1201 1065 1074 4111 
1 3 11999 10844 8105 
1 4 2065 1982 10922 10837 
1 7 10837 4580 4637 4609 4553 2071 1896 
1 3 1896 4755 4660 
1 3 2182 8225 5230 
1 4 12994 13508 13509 10987 
1 5 5918 12600 10849 9125 5143 
1 8 5918 12600 13062 11022 10176 13501 10964 8215 
1 8 11001 12530 10965 4678 10986 2106 4669 12964 
1 7 12964 13239 2172 13424 7901 8237 7500 
1 2 4589 4575 
1 2 5156 8181 
1 7 12977 8140 13268 12987 5148 2111 13267 
1 3 10360 12479 2185 
1 5 9839 9917 11820 896 3938 
1 6 6948 6832 6800 13573 13558 3938 
1 6 1176 4095 12083 9828 9778 13573 
1 4 885 11852 13563 740 
1 6 885 11852 3902 6903 6878 3816 
1 4 3816 3954 13568 6966 
2 3 7183 13569 4182 
1 2 13569 10094 
1 3 8001 1901 2089 
2 4 11618 673 11620 692 
3 4 688 707 9652 692 
2 7 13575 653 6673 13210 13863 11612 13582 
3 5 13575 9646 665 9596 9627 
1 7 6647 11574 6799 11899 953 9894 6889 
1 2 6889 7623 
1 6 6647 9608 9643 11610 9624 3670 
2 5 3617 9621 6700 684 9660 
1 3 6700 684 6716 
1 4 9606 646 6643 6700 
1 4 6682 9656 11646 6716 
1 5 9606 646 6682 6697 3696 
1 5 9606 11592 9619 3665 6679 
2 5 9617 3636 3639 6695 6679 
2 3 3639 637 6652 
1 2 6464 9427 
3 3 9567 13553 6464 
3 4 9567 13553 9412 9427 
3 4 9660 716 3731 6751 
1 3 3581 6573 6751 
3 8 6751 11520 3565 6586 6604 3434 9468 11479 
1 6 9548 577 3407 3577 565 3707 
1 6 6677 11636 6706 6729 723 9716 
1 4 9716 744 6761 9548 
2 4 6706 11652 9651 3663 
2 5 603 9598 656 9630 11618 
1 2 13633 11905 
2 4 6923 9862 13633 3893 
1 6 12589 1358 12692 10415 12419 13795 
1 3 13060 13779 5231 
1 7 5231 12648 13777 13774 1494 13800 1468 
1 6 13060 2213 13786 13785 8035 4859 
1 5 4859 13799 2171 13770 1494 
1 6 4859 10400 13789 13791 13780 8245 
1 9 13785 8214 10525 13654 4851 7003 10929 13814 2120 
1 6 4851 2151 13781 13782 5106 10400 
1 3 191 10930 5199 
1 10 8144 13526 2220 4941 13642 13495 12907 1817 4515 191 
1 5 12958 10966 13752 13651 8054 
1 4 8054 1968 4515 191 
1 5 4941 13640 13641 3854 12989 
1 3 12989 12929 5160 
1 6 12929 11145 8019 13818 10734 5010 
1 4 5010 13823 7980 8124 
1 2 2050 10991 
1 8 2050 4952 10473 8034 10831 6039 9137 2080 
1 3 4952 5170 12900 
1 4 4146 1128 9960 1126 
1 12 9108 6165 6125 11073 11060 6168 61 6170 6208 6130 3145 192 
3 7 9559 6583 11435 11470 11494 6444 6488 
3 4 9503 549 3558 6568 
1 5 9517 11486 694 3679 663 
3 8 9515 3299 571 586 11404 9497 538 11481 
1 5 495 9443 11431 564 9524 
3 4 9524 11445 3397 6488 
2 5 11481 6501 6524 3500 9524 
2 6 6559 573 3514 11517 6595 552 
1 4 3522 6487 9560 11481 
3 5 11481 9560 11545 3499 6521 
2 6 6521 375 11219 9294 9320 9347 
1 6 321 293 268 3367 11444 6521 
2 4 6521 11505 3207 6282 
1 5 362 389 3324 279 243 
2 8 243 3381 17 6558 3532 11478 3473 9496 
3 4 9457 11467 506 3586 
1 4 6376 6229 3337 281 
2 6 3393 318 347 11301 290 402 
1 5 11426 9079 6099 9221 9485 
1 3 11241 11290 306 
1 6 306 3210 11336 6305 3226 3335 
1 3 11370 11216 9304 
1 5 3392 11528 3256 3309 9304 
2 4 3392 11528 6415 560 
2 7 560 3556 6556 215 3203 9249 9288 
1 5 243 6401 548 11492 3544 
3 3 3586 11428 9508 
1 6 11441 9452 3559 9521 3521 3458 
1 3 3458 3521 402 
2 6 11467 479 11558 9532 3460 6558 
2 4 11558 9546 11428 9508 
2 8 3544 6567 9290 6321 6347 3351 3380 362 
2 7 11543 6435 474 3412 11441 6546 3392 
2 4 11479 9454 6557 11543 
1 6 11543 3470 3570 11514 11464 11490 
2 7 11670 9698 11703 6597 409 3452 488 
1 2 11405 453 
1 5 453 11452 11461 3531 418 
1 4 418 11397 501 11462 
1 5 11462 522 9477 6508 3480 
1 4 3580 11526 3520 522 
2 7 6478 6451 11561 574 11546 11683 3755 
1 2 10443 12338 
1 2 1522 1383 
1 6 1120 9970 9982 12350 13143 7097 
1 8 4134 1597 7095 10404 12407 4125 7159 12350 
1 3 12055 7200 1029 
1 5 1069 10102 12074 1184 13669 
1 5 1184 7105 1104 1200 13670 
2 6 12055 11973 1161 1001 4148 11913 
1 7 1976 7301 12713 6932 11931 1004 9958 
3 8 11771 846 916 4642 4572 11744 7523 12412 
1 2 7663 4572 
2 2 4506 1588 
1 6 916 9831 930 1499 4561 4506 
1 2 1499 12337 
1 2 1394 4312 
1 2 1394 12286 
2 5 7236 12144 1291 7342 13543 
2 4 7236 4371 1337 1394 
2 6 1394 12201 1281 1308 4388 12220 
2 4 12220 12122 1427 7408 
2 3 10297 4412 7427 
1 4 12256 4626 4585 1492 
2 4 1330 12127 1417 12256 
1 2 12127 4336 
1 2 1403 12125 
1 4 7236 12131 1279 7329 
1 4 7427 12271 12255 8155 
2 4 10297 4384 1364 13543 
2 2 7408 10250 
2 4 10250 10221 12173 10411 
2 3 10438 10425 12360 
1 5 7408 12224 10293 4251 10177 
2 3 10250 12195 10438 
2 3 10438 12431 12417 
2 6 10411 10398 12345 7531 7492 1488 
1 2 1415 12253 
1 4 1415 10165 7323 10265 
1 2 12118 12153 
1 2 1368 10302 
1 2 10279 7381 
1 4 4608 10479 12472 7654 
2 3 10135 12293 1413 
2 3 12293 10491 4608 
2 4 4621 7421 12249 7381 
2 5 12249 1386 7223 12277 1413 
3 2 12299 10313 
2 3 10313 4424 7427 
2 7 4401 12232 10232 12204 1285 10162 4405 
2 7 4405 4334 1300 4255 10137 10309 4379 
2 5 4379 1302 7280 12297 4397 
2 5 4397 10016 11936 10129 4075 
2 4 1522 4501 7446 1319 
1 2 10354 12181 
1 3 1648 10509 7658 
2 2 4652 1648 
2 2 4652 7673 
1 4 4075 12048 7015 9948 
1 4 9948 4121 4177 7137 
2 6 4361 4320 1313 4276 12296 12268 
1 2 4276 1274 
2 5 4075 12075 10075 12319 1522 
1 3 1492 7562 1170 
1 6 12279 1372 10306 12236 1221 10265 
1 3 10212 12171 7371 
1 9 11105 6144 9167 3137 3025 6138 9038 6013 3122 
1 5 11121 195 9156 63 9038 
1 7 9061 3030 3187 6150 3050 11162 9206 
1 3 9096 11176 9296 
1 9 3529 11474 520 6516 6486 9455 11429 6620 9753 
1 8 9753 11706 6758 3726 6748 700 6701 3668 
2 8 3379 3242 3359 11293 3342 9310 11267 7394 
1 2 385 3242 
1 4 9303 3396 303 3342 
1 4 11237 285 7377 11293 
1 5 11465 9510 6536 542 3552 
2 5 6766 11702 6775 11720 11565 
2 3 780 762 3768 
1 4 11516 11488 9658 3652 
1 2 6666 11590 
2 4 9737 6777 9710 743 
1 3 743 3737 3933 
1 4 12020 12760 11923 7132 
1 5 12051 9976 10059 12888 9943 
1 3 12051 4920 1160 
1 3 11921 10026 7005 
1 3 9994 7180 11969 
2 7 1145 4146 4131 8111 4046 7065 12051 
2 7 12710 4948 8030 8015 2012 10829 12751 
1 4 12751 12838 2044 10788 
1 7 10788 12842 10875 12018 3991 4150 7132 
1 4 3816 6878 9857 3933 
2 8 3652 3669 3681 9644 6518 9725 9523 11506 
2 3 11877 11849 11834 
1 7 9748 769 3754 11709 760 11711 11877 
2 4 6666 9622 6683 9638 
1 4 9620 9638 6683 678 
2 4 454 11420 9500 11548 
2 3 512 9507 9523 
2 4 11465 503 9478 9492 
2 6 11834 958 11713 780 3589 6613 
2 6 13011 13665 6545 5291 11516 11502 
1 4 512 3493 6688 3655 
1 3 1909 4957 8008 
1 5 2050 10919 1951 13136 10862 
1 4 10803 8122 8065 7983 
2 5 11834 911 3928 13497 9909 
2 5 11506 9534 6569 11563 9434 
2 4 9523 6547 3534 3509 
1 7 6449 3579 11535 6599 9578 3549 9534 
1 6 11465 11616 11600 6657 9597 595 
1 5 3768 6784 11573 778 6666 
1 4 3652 9642 3666 6683 
1 3 11548 3536 11483 
2 4 3652 648 11794 6613 
2 4 9490 3533 6531 9658 
2 4 9658 6698 10779 678 
2 4 512 13862 9492 3671 
2 7 3671 11596 629 11582 595 11565 9737 
1 6 3655 6651 3626 620 3598 595 
2 4 3509 3523 527 9495 
2 5 9495 11508 9525 6572 3552 
2 4 3768 764 9745 6780 
2 5 9853 9824 6927 854 9764 
1 2 3838 9851 
1 5 3655 11611 9609 9607 9748 
1 5 9748 3594 11593 6786 6613 
2 3 13011 11549 9561 
2 5 11483 6504 454 9561 11506 
1 5 415 319 222 341 310 
1 9 11097 95 3089 11109 9234 9212 11191 110 9111 
1 5 3089 9319 11304 9331 11234 
2 5 11234 207 9353 11259 3219 
1 4 13739 233 358 3219 
1 15 3215 9343 11349 6303 11384 11254 11369 11300 382 3308 11347 6262 6315 9313 6279 
1 9 9111 9177 11084 150 3143 6056 6167 6101 121 
2 4 3335 6411 9384 9355 
1 7 9355 11368 11214 384 356 3346 6398 
1 4 9313 3250 3376 356 
1 10 11557 582 3584 6605 559 11504 511 6578 3508 11461 
1 4 488 11454 3494 525 
2 4 525 3543 441 11477 
1 3 6520 9493 11477 
1 3 11477 6232 3203 
1 3 3479 9461 11450 
1 5 11526 580 6254 6330 3306 
2 9 9131 9199 3157 6075 9187 3130 6102 312 3338 
1 6 6124 6171 9114 11025 3102 11110 
1 4 3317 11373 6337 392 
2 8 6391 345 3197 6312 9373 11356 11243 6338 
1 6 3527 6553 6428 3566 6587 11408 
2 3 6278 6217 4356 
1 9 3587 775 3417 3443 11400 9459 9474 6527 3529 
1 4 9417 426 6417 3417 
1 6 6516 6541 3517 11395 11460 9432 
1 9 11537 3404 410 9473 3551 6601 9432 11523 3578 
1 4 12567 7228 10716 10648 
1 4 9292 10213 12229 10284 
1 9 12128 12298 1210 1406 4261 4215 7281 4411 12229 
1 5 12333 10510 10359 7563 7477 
1 4 1459 11687 4629 10671 
1 4 7274 10652 1297 4803 
1 12 1591 10547 10619 10550 10680 7784 12635 10584 12594 11410 1794 4803 
1 3 6342 11246 9262 
1 5 3152 496 6381 308 9501 
1 3 11222 3298 592 
1 5 6376 530 9374 9246 11226 
1 4 11479 9558 422 11441 
1 4 12997 2162 13283 5166 
1 3 2162 2212 13316 
1 6 1591 4224 12583 7706 12640 4686 
1 9 7874 12619 1418 1680 10308 10239 4232 7425 4250 
1 3 4250 4389 1402 
1 5 4389 1243 12121 10220 1272 
1 3 7936 10790 10747 
1 3 7097 10517 7101 
1 7 11701 3593 475 13008 10264 12179 12294 
1 6 11701 1517 4620 12383 10406 7563 
1 3 12465 1649 7924 
1 11 12320 3564 10472 6991 12450 11853 9954 11797 6965 9761 9777 
1 6 3951 11831 856 981 11898 9921 
1 6 748 9688 9726 9709 6768 3734 
1 6 12559 4844 9659 12638 4701 12261 
1 4 9247 289 223 306 
1 4 9247 11230 236 6305 
1 6 9975 7165 8076 12080 2105 11995 
1 6 2086 4915 7905 2092 4106 12080 
1 5 5005 7953 1922 7985 2065 
1 4 3564 13724 12380 1599 
1 2 12473 12029 
1 6 10215 12443 10519 1571 12482 10376 
