1;2781.24;9.90;1571.49;small
1;2746.16;10.10;1548.63;small
2;2734.00;11.30;1576.00;small
2;2763.00;11.38;1612.00;small
3;2718.15;11.20;1677.80;small
3;2739.81;12.60;1645.90;small
4;2677.00;10.55;1604.00;small
4;2657.00;10.93;1577.00;small
5;2894.00;9.60;1561.00;small
5;2879.00;10.03;1529.00;small
6;2918.00;10.98;1523.00;small
6;2937.00;10.88;1544.00;small
7;2989.00;11.12;1497.00;small
7;2951.00;13.10;1483.00;small
8;2990.00;9.90;1549.00;small
8;2951.00;9.95;1587.00;small
8;3065.00;9.88;1548.00;small
8;3034.00;9.70;1585.00;small
9;3142.00;9.50;1824.00;small
9;3097.00;9.50;1782.00;small
9;3122.00;9.62;1741.00;small
10;3026.00;10.38;1661.00;small
10;3067.00;9.93;1718.00;small
10;3011.00;9.50;1709.00;small
11;2917.00;14.75;1734.00;big
11;2975.00;12.68;1807.00;big
11;2967.00;10.20;1740.00;big
12;3310.00;10.40;1927.00;big
12;3397.00;10.00;1922.00;big
12;3228.00;10.70;1924.00;big
12;3311.00;9.80;1860.00;big
13;3224.00;9.95;1834.00;big
13;3180.00;9.60;1767.00;big
13;3263.00;9.62;1783.00;big
14;3785.00;10.50;1672.00;big
14;3921.00;9.80;1669.00;big
14;3850.00;10.30;1775.00;big
15;3240.00;9.75;1427.00;small
15;3231.00;9.85;1461.00;small
15;3190.00;11.20;1412.00;small
16;2800.00;9.50;1783.00;big
16;2821.00;9.50;1650.00;big
17;3419.00;18.62;828.00;small
17;3351.00;13.18;789.00;small
17;3410.00;13.80;890.00;small
17;3431.00;12.55;753.00;small
18;2754.00;9.50;1518.00;small
18;2837.00;9.50;1555.00;small
19;2846.00;10.40;1511.00;small
19;2904.00;10.62;1479.00;small
19;2855.00;10.00;1468.00;small
20;2891.00;9.85;1412.00;small
20;2849.00;12.40;1422.00;small
20;2812.00;10.10;1393.00;small
21;3000.00;15.98;1460.00;small
21;3050.00;12.48;1466.00;small
22;3072.00;10.25;1507.00;small
22;3025.00;12.32;1511.00;small
23;3050.00;12.65;1337.00;small
23;3031.00;10.85;1276.00;small
23;3001.00;10.45;1372.00;small
24;3116.00;10.28;1347.00;small
24;3131.00;12.85;1389.00;small
25;3147.00;12.93;1329.00;small
25;3224.00;9.75;1347.00;small
25;3150.00;11.70;1287.00;small
26;3154.00;12.30;1360.00;small
26;3187.00;11.65;1369.00;small
26;3219.00;11.10;1381.00;small
27;3106.00;10.50;1487.00;small
27;3146.00;9.70;1477.00;small
27;3082.00;9.50;1453.00;small
28;3354.00;10.75;1159.00;small
28;3418.00;10.40;1241.00;small
28;3379.00;13.90;1213.00;small
29;3098.69;9.50;1268.11;big
29;3051.99;9.50;1214.29;big
30;3281.69;9.50;1378.90;big
30;3367.60;9.50;1375.13;big
31;3961.00;12.65;964.00;small
31;4044.00;10.12;936.00;small
31;3991.00;11.00;884.00;small
31;3977.00;11.12;909.00;small
31;3993.00;13.75;846.00;small
32;5031.00;9.50;1451.00;big
32;1165.00;9.50;277.00;big
33;2992.00;9.70;1630.00;small
33;2952.00;10.28;1648.00;small
34;1463.00;11.32;1086.00;big
34;1553.00;10.00;1009.00;big
34;1509.00;12.40;1020.00;big
34;1408.00;11.43;1106.00;big
35;1719.00;10.82;106.00;big
35;1708.00;13.88;287.00;big
35;1700.00;12.38;200.00;big
35;1776.00;10.73;275.00;big
35;1784.00;10.43;204.00;big
36;2024.00;11.30;1989.00;big
36;2138.00;14.23;1954.00;big
37;3162.00;10.38;1646.00;small
37;3209.00;10.40;1710.00;small
37;3187.00;9.80;1612.00;small
37;3216.00;10.45;1662.00;small
38;3093.00;10.55;1549.00;small
38;3194.00;9.80;1506.00;small
38;3099.00;9.80;1585.00;small
38;3153.00;10.45;1595.00;small
38;3150.00;10.53;1540.00;small
39;3203.00;10.38;1575.00;small
39;3247.00;10.15;1605.00;small
39;3263.00;9.80;1569.00;small
40;3670.00;10.00;1709.00;big
40;3553.00;10.05;1711.00;big
40;3653.00;10.38;1639.00;big
40;3560.00;11.28;1631.00;big
41;2782.00;12.80;1318.00;small
41;2818.00;11.28;1359.00;small
41;2767.00;12.93;1366.00;small
42;2702.00;9.50;1413.00;small
42;2735.00;9.50;1437.00;small
43;2643.00;9.50;1526.00;big
43;2610.00;9.50;1665.00;big
44;2294.00;9.50;1931.00;big
44;2414.00;9.50;1852.00;big
45;2812.84;9.50;1909.06;big
45;2624.06;9.50;1836.55;big
46;3417.00;9.50;1975.00;big
46;3655.00;9.50;1989.00;big
46;3186.00;9.50;2023.00;big
47;2588.00;9.50;1347.00;big
47;2501.00;9.50;1261.00;big
48;2658.00;9.50;1200.00;big
48;2556.00;9.50;1087.00;big
49;2430.00;9.50;1507.00;big
49;2307.00;9.50;1671.00;big
50;1867.00;9.50;1978.00;big
50;2078.00;9.50;1765.00;big
51;2321.00;9.50;1332.00;big
51;2191.00;9.50;1473.00;big
52;1350.00;9.50;1255.00;big
53;1580.00;9.50;1093.00;big
53;1854.00;9.70;1091.00;big
53;1548.00;9.68;1229.00;big
53;1615.00;9.75;1194.00;big
53;1698.00;10.28;1169.00;big
54;1701.00;9.50;1492.00;big
54;1778.00;9.50;1570.00;big
55;1913.00;9.50;1575.00;big
55;1875.00;9.50;1693.00;big
56;2034.00;9.50;1461.00;big
56;2089.00;9.50;1303.00;big
57;1827.00;9.50;1412.00;big
57;1811.00;9.50;1263.00;big
58;2266.00;9.50;1152.00;big
58;2355.00;9.50;1038.00;big
59;2000.00;9.50;1113.00;big
59;2087.00;9.50;952.00;big
60;3881.00;9.50;699.00;big
60;3730.00;9.50;545.00;big
61;2296.00;9.50;872.00;big
61;2491.00;9.50;826.00;big
62;2828.00;9.50;400.00;big
62;2739.00;9.50;590.00;big
63;1607.00;9.50;53.00;big
63;1840.00;9.50;76.00;big
64;2338.00;9.50;117.00;big
64;2025.00;9.50;104.00;big
65;3300.00;9.50;58.00;big
65;3028.00;9.50;119.00;big
66;2433.00;9.50;538.00;big
66;2210.00;9.50;377.00;big
67;2853.00;9.50;100.00;big
67;2649.00;9.50;149.00;big
68;2795.00;9.50;1263.00;big
68;2874.00;9.50;1316.00;big
69;3296.58;9.50;1215.87;big
69;3210.03;9.50;1204.04;big
70;3618.00;9.50;1344.00;small
70;3599.00;9.50;1431.00;small
71;4072.00;9.50;529.00;big
71;4264.00;9.50;570.00;big
72;4474.00;9.50;653.00;small
72;4502.00;9.50;615.00;small
72;4467.00;9.50;694.00;small
73;4410.00;9.50;754.00;small
73;4380.00;9.50;828.00;small
73;4381.00;9.50;781.00;small
74;4117.00;9.50;288.00;big
74;4184.00;9.50;93.00;big
75;4634.00;9.50;919.00;big
75;4532.00;9.50;768.00;big
76;4725.63;9.50;1062.86;big
76;4798.91;9.50;1138.04;big
77;4725.00;9.50;1289.00;small
77;4731.67;9.50;1209.26;small
78;4879.00;9.50;937.00;big
78;4872.00;9.50;785.00;big
79;5006.00;9.50;1471.00;big
79;4908.00;9.50;1320.00;big
80;4690.00;9.50;797.00;big
80;4703.00;9.50;711.00;big
81;5096.00;9.50;419.00;big
81;5236.00;9.50;355.00;big
82;4979.35;9.50;489.30;small
82;4975.91;9.50;427.78;small
83;5421.00;9.50;360.00;big
83;5280.00;9.50;520.00;big
84;5157.02;9.50;639.61;big
84;4922.04;9.50;682.45;big
84;5211.45;9.50;722.85;big
84;5018.28;9.50;792.14;big
85;3617.00;9.50;169.00;big
85;3870.00;9.50;200.00;big
86;5251.00;9.50;123.00;big
86;5519.00;9.50;153.00;big
87;5062.00;9.50;1523.00;big
87;5213.00;9.50;1677.00;big
88;73.00;9.50;1759.00;big
88;5500.00;9.50;1730.00;big
88;119.00;9.50;1979.00;big
89;901.00;9.50;1366.00;small
89;829.00;9.50;1528.00;small
90;5058.00;9.50;1292.00;big
90;4942.00;9.50;1182.00;big
91;4799.00;9.50;546.00;big
91;4882.00;9.50;521.00;big
92;4665.75;9.50;394.22;big
92;4734.00;9.50;449.00;big
93;4588.00;9.50;549.00;big
93;4690.00;11.12;612.00;big
93;4795.00;9.50;641.00;big
94;5127.00;9.50;921.00;big
94;5013.00;10.55;1053.00;big
95;48.00;9.50;1185.00;big
95;5475.00;9.50;1177.00;big
96;5448.00;9.50;1500.00;big
96;11.00;9.50;1526.00;big
97;78.00;9.50;670.00;big
97;5432.00;9.50;801.00;big
98;4945.00;9.50;79.00;big
98;4744.00;9.50;68.00;big
99;4461.00;9.50;416.00;big
99;4485.00;9.50;132.00;big
100;3450.00;9.50;905.00;small
100;3366.00;9.50;1062.00;small
100;3576.00;9.50;856.00;small
101;4106.00;9.50;810.00;big
101;4253.00;9.50;852.00;big
102;3499.00;9.50;516.00;big
102;3599.00;9.50;696.00;big
103;3457.00;9.50;353.00;small
103;3381.00;9.50;244.00;small
104;3735.00;9.50;882.00;big
104;3849.00;9.50;963.00;big
105;432.00;9.50;1007.00;big
105;272.00;9.50;1162.00;big
106;1093.00;9.50;1207.00;big
106;1308.00;9.50;1039.00;big
107;1515.00;9.50;919.00;big
107;1439.00;9.50;995.00;big
108;1564.00;9.50;261.00;big
108;1610.00;9.50;494.00;big
109;1450.00;9.50;782.00;big
109;1507.00;9.50;643.00;big
110;1173.00;9.50;690.00;big
110;1198.00;9.50;914.00;big
111;688.00;9.50;1135.00;big
111;892.00;9.50;1047.00;big
112;266.00;9.50;103.00;big
112;5616.00;9.50;116.00;big
112;672.00;9.50;120.00;big
113;665.00;9.50;333.00;big
113;824.00;9.50;457.00;big
114;498.00;9.50;1714.00;big
114;299.00;9.50;1719.00;big
114;710.00;9.50;1671.00;big
115;578.00;9.50;1448.00;big
115;748.00;9.50;1471.00;big
116;3539.00;14.43;1299.00;small
116;3575.00;13.32;1206.00;small
116;3609.00;12.38;1240.00;small
116;3562.00;14.98;1265.00;small
117;1793.00;9.75;1629.00;small
117;1774.00;9.80;1668.00;small
117;1840.00;9.75;1646.00;small
118;934.00;9.82;1488.00;big
118;896.00;10.28;1541.00;big
118;980.00;13.32;1439.00;big
118;986.00;15.05;1546.00;big
119;1161.00;17.50;1522.00;big
119;1075.00;13.78;1432.00;big
119;1156.00;14.78;1449.00;big
119;1079.00;15.95;1517.00;big
120;1253.00;11.50;1587.00;big
120;1293.00;10.50;1535.00;big
120;1243.00;11.18;1672.00;big
120;1360.00;11.00;1503.00;big
120;1357.00;10.10;1572.00;big
120;1340.00;11.10;1659.00;big
121;1257.00;10.20;1751.00;big
121;1336.00;11.00;1742.00;big
121;1425.00;9.50;1734.00;big
121;1521.00;11.30;1693.00;big
122;947.00;11.98;1762.00;big
122;891.00;10.73;1730.00;big
122;834.00;9.98;1762.00;big
123;1261.00;9.95;1262.00;big
123;1273.00;16.20;1180.00;big
123;1191.00;13.95;1197.00;big
124;1814.00;9.90;1010.00;big
124;1790.00;12.55;936.00;big
124;1737.00;9.80;1015.00;big
124;1700.00;14.07;1010.00;big
125;2118.00;11.53;614.00;big
125;2143.00;11.95;531.00;big
125;2053.00;11.25;506.00;big
126;3293.00;10.30;1115.00;small
126;3210.00;10.00;1151.00;small
126;3313.00;11.35;1049.00;small
126;3291.00;9.70;1154.00;small
127;2647.00;10.50;996.00;small
127;3141.00;10.35;1059.00;small
127;2775.00;10.20;978.00;small
127;2968.00;10.85;949.00;small
127;2841.00;10.20;1075.00;small
127;3245.00;10.28;1068.00;small
127;3226.00;11.43;913.00;small
127;3019.00;10.70;1092.00;small
127;3106.00;10.55;948.00;big
128;3344.00;11.55;992.00;small
128;3297.00;10.30;961.00;small
128;3322.00;11.28;859.00;small
128;3353.00;10.50;929.00;small
129;3348.00;12.25;1303.00;big
129;3270.00;13.23;1304.00;big
129;3419.00;14.15;1310.00;big
130;3389.00;9.85;1489.00;big
130;3311.00;9.80;1525.00;big
130;3308.00;9.70;1455.00;big
130;3242.00;10.25;1513.00;big
131;2932.00;15.38;1447.00;small
132;3343.00;10.50;1727.00;big
132;3335.00;10.00;1619.00;big
132;3274.00;9.80;1681.00;big
133;3420.00;9.80;1652.00;big
133;3485.00;9.85;1611.00;big
133;3399.00;10.00;1547.00;big
134;3500.00;14.50;1336.00;small
134;3551.00;9.98;1332.00;small
134;3463.00;11.35;1363.00;small
135;3439.00;9.73;1437.00;big
135;3514.00;10.60;1388.00;big
135;3508.00;9.80;1448.00;big
136;4056.00;10.20;1511.00;big
136;3860.00;10.88;1458.00;big
136;3758.00;9.85;1506.00;big
136;3949.00;9.80;1541.00;big
136;3835.00;10.10;1589.00;big
137;3483.00;9.85;1511.00;big
137;3642.00;9.80;1561.00;big
137;3560.00;10.05;1548.00;big
137;3599.00;9.60;1482.00;big
138;3047.00;9.50;1626.00;big
138;3099.00;9.98;1685.00;big
139;3185.00;12.38;177.00;small
139;3283.00;12.95;196.00;small
139;3133.00;13.85;121.00;small
139;3250.00;13.45;235.00;small
139;3220.00;15.38;121.00;small
140;2976.00;12.57;700.00;small
140;3005.00;11.40;659.00;small
140;3046.00;11.12;794.00;small
140;3027.00;11.23;717.00;small
141;4273.00;14.45;1079.00;small
141;4244.00;10.28;1024.00;small
141;4145.00;10.60;1052.00;small
141;4195.00;9.85;1033.00;small
142;4360.00;10.12;870.00;small
142;4413.00;10.10;902.00;small
142;4416.00;10.15;867.00;small
142;4369.00;9.98;940.00;small
143;3047.00;10.75;1420.00;small
143;3093.00;13.30;1405.00;small
144;3138.00;10.62;1426.00;small
144;3161.00;13.70;1457.00;small
144;3195.00;14.05;1448.00;small
145;3029.00;11.50;596.00;big
145;3142.00;10.85;565.00;big
145;3176.00;10.53;678.00;big
145;3262.00;11.70;628.00;big
145;3237.00;13.48;511.00;big
146;4082.00;23.45;1165.00;big
146;4178.00;21.58;1117.00;big
146;4306.00;20.83;1145.00;big
147;2962.00;9.50;1693.00;big
147;2976.00;9.50;1626.00;big
148;4971.00;11.88;1506.00;small
148;4884.00;10.48;1404.00;small
148;4926.00;12.57;1445.00;small
149;5275.00;11.48;1616.00;big
149;4832.00;12.75;1682.00;big
149;4720.00;11.82;1733.00;big
149;4943.00;11.35;1717.00;big
149;5195.00;11.75;1784.00;big
150;3664.00;10.05;1864.00;big
150;3609.00;10.60;1789.00;big
150;3471.00;10.50;1722.00;big
150;3394.00;10.32;1782.00;big
151;3994.00;10.15;1745.00;big
151;4039.00;9.85;1638.00;big
151;4128.00;9.80;1680.00;big
152;4545.00;12.62;1454.00;big
152;4383.00;14.32;1429.00;big
152;4289.00;12.90;1528.00;big
153;4043.00;10.18;1112.00;small
153;4090.00;9.80;1082.00;small
153;3992.00;10.30;1143.00;small
154;5003.00;12.65;1334.00;small
154;4971.00;12.53;1256.00;small
154;4848.00;11.85;1189.00;small
154;5029.00;11.95;1390.00;small
154;4903.00;9.93;1212.00;small
155;3732.00;12.15;1094.00;small
155;3627.00;14.25;1197.00;small
155;3626.00;13.95;1137.00;small
155;3698.00;16.48;1139.00;small
156;4688.00;10.30;165.00;big
156;4928.00;9.50;180.00;big
156;4971.00;12.50;141.00;big
156;4746.00;10.30;180.00;big
157;5460.00;12.55;38.00;small
157;5548.00;10.03;196.00;small
157;5503.00;10.53;92.00;small
157;5567.00;12.65;150.00;small
158;4480.00;11.12;537.00;small
158;4547.00;10.32;529.00;small
158;4698.00;10.38;511.00;small
158;4761.00;10.45;506.00;small
158;4621.00;11.12;513.00;small
159;4626.00;10.85;721.00;small
159;4624.00;10.30;652.00;small
159;4592.00;9.70;604.00;small
159;4542.00;9.50;667.00;small
160;4695.00;9.95;880.00;small
160;4709.00;10.95;930.00;small
160;4754.00;11.30;768.00;small
160;4729.00;10.43;817.00;small
161;2550.68;12.10;1903.22;small
161;2481.54;10.90;1896.91;small
162;3884.00;18.85;1231.00;big
162;3812.00;13.85;1207.00;big
163;1886.00;10.30;807.00;big
163;1805.00;9.80;714.00;big
163;1771.00;9.78;824.00;big
163;1982.00;10.10;771.00;big
163;2001.00;9.68;833.00;big
164;2804.00;9.85;1455.00;small
164;2758.00;10.53;1481.00;small
164;2808.00;10.43;1490.00;small
165;2739.00;11.40;1221.00;small
165;2696.00;12.68;1190.00;small
165;2664.00;13.68;1142.00;small
166;1485.00;9.50;1971.00;big
166;1525.00;9.50;1879.00;big
167;4940.55;16.60;592.59;big
167;5106.00;15.65;516.00;big
167;5027.00;12.98;555.00;big
168;3079.00;9.50;1357.00;small
168;3015.00;9.50;1412.00;small
169;3014.00;9.50;1321.00;big
169;2948.00;10.18;1342.00;big
170;1463.00;9.50;1295.00;big
170;1619.00;9.50;1273.00;big
170;1601.00;9.50;1382.00;big
171;717.00;9.50;1837.00;big
171;387.00;9.50;1901.00;big
172;273.00;9.50;695.00;big
172;439.00;9.50;729.00;big
173;2892.69;9.50;1679.54;small
173;2907.74;9.50;1626.31;small
174;2892.81;9.50;1816.48;big
174;2955.00;9.50;1921.00;big
175;660.00;9.50;714.00;big
175;892.00;9.50;737.00;big
176;348.00;9.50;1427.00;big
176;113.00;9.50;1486.00;big
177;5187.00;9.50;1238.00;big
177;5251.00;9.50;1409.00;big
178;5579.00;9.75;363.00;big
178;109.00;9.98;430.00;big
179;329.00;9.50;445.00;big
179;461.00;11.62;366.00;big
180;129.00;9.50;868.00;big
180;5594.00;9.50;947.00;big
181;3006.00;9.70;1436.00;small
181;2977.00;10.18;1417.00;small
181;2937.00;10.55;1418.00;small
182;2789.00;10.20;893.00;small
182;2739.00;9.85;763.00;small
182;2820.00;10.48;794.00;small
182;2940.00;10.70;876.00;small
182;2687.00;10.98;863.00;small
183;1182.00;11.18;1767.00;big
183;1103.00;11.15;1793.00;big
183;1028.00;11.90;1823.00;big
183;1036.00;13.35;1764.00;big
184;1238.00;11.15;1922.00;big
184;823.00;12.65;1880.00;big
184;1057.00;9.50;1930.00;big
184;376.00;9.95;1930.00;big
184;1354.00;10.80;1802.00;big
184;66.00;9.50;1780.00;big
184;633.00;9.50;1954.00;big
185;945.00;10.93;1673.00;big
185;904.00;13.23;1616.00;big
185;890.00;9.50;1681.00;big
186;1681.00;10.00;1591.00;big
186;1725.00;10.10;1650.00;big
186;1638.00;11.65;1605.00;big
186;1597.00;11.30;1598.00;big
186;1647.00;10.62;1577.00;big
187;3435.00;13.82;1023.00;big
187;3532.00;12.80;888.00;big
187;3502.00;10.90;1111.00;big
187;3700.00;10.60;1015.00;big
187;3421.00;11.43;1139.00;big
187;3588.00;9.98;1036.00;big
188;3309.00;12.60;544.00;small
188;3383.00;13.28;616.00;small
188;3293.00;12.20;614.00;small
188;3332.00;12.68;675.00;small
188;3384.00;10.23;518.00;small
189;2797.00;13.35;1230.00;small
189;2946.00;9.70;1204.00;small
189;2875.00;14.25;1251.00;small
189;2946.00;11.18;1253.00;small
189;2849.00;12.53;1202.00;big
190;3064.00;12.98;477.00;small
190;3033.00;13.23;416.00;small
190;3128.00;13.20;481.00;small
190;3028.00;10.00;510.00;small
190;3108.00;13.20;387.00;small
191;4804.00;12.10;1260.00;small
191;4810.00;14.48;1349.00;small
191;4776.00;11.48;1309.00;small
192;4335.00;12.28;708.00;small
192;4377.00;9.90;660.00;small
192;4409.00;9.80;628.00;small
192;4445.00;10.20;585.00;small
193;3521.00;12.60;342.00;small
193;3501.00;10.65;255.00;small
193;3547.00;10.57;390.00;small
194;4388.00;11.20;733.00;small
194;4359.00;11.05;781.00;small
194;4412.00;10.28;695.00;small
195;4314.00;10.12;1053.00;small
195;4337.00;12.23;984.00;small
195;4280.00;11.03;1006.00;small
195;4305.00;10.62;933.00;small
196;4438.00;11.12;985.00;small
196;4461.00;10.60;920.00;small
196;4451.00;9.70;831.00;small
196;4491.00;11.95;860.00;small
197;1576.00;15.03;822.00;big
197;1635.00;9.80;783.00;big
198;1711.00;9.80;941.00;big
198;1625.00;14.00;935.00;big
198;1655.00;9.70;1022.00;big
198;1679.00;9.90;868.00;big
199;3172.00;12.85;405.00;small
199;3227.00;12.62;401.00;small
199;3291.00;13.55;333.00;small
199;3306.00;13.62;470.00;small
200;1972.00;9.70;954.00;big
200;1902.00;9.70;969.00;big
201;2000.00;10.20;612.00;big
201;2054.00;10.32;691.00;big
201;1936.00;9.80;541.00;big
201;1925.00;10.45;679.00;big
202;2176.00;10.15;792.00;big
202;2223.00;11.10;743.00;big
202;2161.00;10.93;628.00;big
202;2105.00;10.10;770.00;big
202;2157.00;11.80;697.00;big
203;1894.00;9.75;361.00;big
203;2005.00;11.23;466.00;big
203;1936.00;9.95;316.00;big
203;1988.00;10.70;388.00;big
204;1850.00;10.85;536.00;big
204;1901.00;10.35;473.00;big
205;1747.00;19.90;560.00;big
205;1772.00;9.88;655.00;big
205;1813.00;10.60;588.00;big
206;1692.00;21.27;617.00;big
206;1633.00;18.73;681.00;big
207;1746.00;12.30;378.00;big
207;1798.00;11.80;466.00;big
207;1726.00;16.80;459.00;big
208;1858.00;9.80;245.00;big
208;1848.00;10.40;423.00;big
208;1837.00;9.80;309.00;big
208;1827.00;9.75;369.00;big
209;4606.00;10.55;1297.00;small
209;4661.00;11.30;1267.00;small
209;4612.00;9.70;1256.00;small
209;4640.00;11.90;1334.00;small
210;4809.00;11.18;1394.00;big
210;4858.00;11.65;1438.00;big
211;4558.00;12.75;1278.00;big
211;4497.00;11.05;1225.00;big
212;4589.00;9.70;1201.00;small
212;4685.00;10.38;1172.00;small
212;4639.00;10.38;1160.00;small
212;4647.00;10.98;1211.00;small
213;4559.00;10.30;1078.00;small
213;4525.00;14.90;1136.00;small
213;4592.00;10.90;1146.00;small
213;4499.00;11.07;1199.00;small
214;4418.00;18.65;1186.00;small
214;4422.00;13.62;1119.00;small
214;4366.00;20.52;1157.00;small
214;4474.00;10.60;1153.00;small
215;4370.00;14.65;1072.00;small
215;4411.00;13.53;1032.00;small
215;4471.00;12.75;1079.00;small
216;4588.00;10.15;1028.00;small
216;4533.00;11.20;1032.00;small
216;4524.00;9.60;980.00;small
216;4479.00;10.43;1029.00;small
217;4681.00;11.93;1121.00;small
217;4606.00;10.48;1069.00;small
217;4617.00;9.80;1116.00;small
217;4641.00;13.12;1068.00;small
218;4680.00;11.53;1372.00;big
218;4740.00;10.30;1353.00;big
219;4716.00;12.98;1503.00;big
219;4785.00;10.12;1468.00;big
220;4422.00;14.55;1244.00;big
220;4309.00;19.10;1275.00;big
221;4192.00;19.55;1296.00;big
221;4040.00;18.75;1273.00;big
222;4621.00;12.20;1407.00;big
222;4460.00;13.10;1324.00;big
222;4556.00;14.32;1358.00;big
223;3194.00;9.50;1272.00;big
224;1362.00;13.15;1143.00;big
224;1298.00;15.32;1151.00;big
224;1419.00;9.70;1187.00;big
225;1200.00;13.10;1284.00;big
225;1122.00;15.40;1332.00;big
225;1052.00;10.40;1371.00;big
226;1560.00;10.60;1465.00;big
226;1602.00;9.70;1472.00;big
226;1621.00;9.90;1549.00;big
226;1569.00;10.60;1558.00;big
226;1577.00;11.23;1514.00;big
226;1532.00;9.80;1438.00;big
227;1418.00;10.40;1405.00;big
227;1538.00;9.50;1313.00;big
227;1504.00;9.80;1389.00;big
227;1371.00;9.55;1360.00;big
227;1466.00;9.95;1414.00;big
227;1376.00;10.30;1441.00;big
228;1012.00;13.53;1690.00;big
228;1123.00;11.80;1672.00;big
228;1136.00;14.18;1600.00;big
228;1028.00;16.75;1630.00;big
229;1277.00;10.50;1449.00;big
229;1210.00;11.93;1401.00;big
229;1265.00;10.62;1351.00;big
229;1315.00;10.40;1389.00;big
230;1460.00;10.32;1548.00;big
230;1476.00;10.70;1608.00;big
230;1532.00;10.68;1556.00;big
230;1415.00;10.80;1651.00;big
230;1417.00;10.10;1559.00;big
231;1644.00;9.50;1880.00;big
231;1936.00;9.60;1699.00;big
231;1834.00;11.20;1795.00;big
231;1720.00;11.28;1735.00;big
231;1616.00;11.10;1692.00;big
232;1673.00;10.55;1656.00;big
232;1547.00;10.90;1609.00;big
232;1600.00;10.60;1637.00;big
232;1762.00;11.15;1708.00;big
233;1427.00;11.55;1469.00;big
233;1496.00;11.23;1484.00;big
233;1538.00;11.25;1509.00;big
234;5156.00;9.80;1879.00;big
234;4050.00;9.70;1980.00;big
234;4191.00;10.07;1842.00;big
234;50.00;10.18;2030.00;big
234;4488.00;10.60;1892.00;big
234;4762.00;10.03;1890.00;big
234;3902.00;9.70;1864.00;big
235;4513.00;10.40;1749.00;big
235;4453.00;11.90;1606.00;big
235;4365.00;11.50;1633.00;big
236;2686.00;10.05;1295.00;small
236;2763.00;14.15;1286.00;small
236;2723.00;12.30;1290.00;small
237;2684.00;12.65;1342.00;small
237;2730.00;13.57;1340.00;small
237;2708.00;13.25;1374.00;small
238;3095.00;10.12;1141.00;small
238;3028.00;12.88;1174.00;small
238;3149.00;11.12;1174.00;small
239;3542.00;9.70;1159.00;small
239;3505.00;10.12;1202.00;small
239;3477.00;12.28;1233.00;small
240;3683.00;9.80;1074.00;small
240;3609.00;9.50;1085.00;small
241;3405.00;10.90;436.00;small
241;3309.00;11.32;394.00;small
241;3353.00;10.53;348.00;small
241;3327.00;10.20;270.00;small
242;3182.00;12.25;341.00;small
242;3070.00;13.80;238.00;small
242;3135.00;12.80;276.00;small
242;3057.00;12.40;353.00;small
243;2578.00;9.65;839.00;small
243;2578.00;9.70;895.00;small
243;2651.00;10.65;768.00;small
243;2698.00;10.20;914.00;small
244;3147.00;11.50;738.00;small
244;3108.00;10.60;823.00;small
244;3048.00;10.10;848.00;small
245;3800.00;12.93;1107.00;small
245;3882.00;9.70;1066.00;small
245;3906.00;11.03;1130.00;small
245;3937.00;10.62;1195.00;small
246;3113.00;9.50;1976.00;small
246;3201.00;10.53;1988.00;small
246;3028.00;11.25;1904.00;small
247;3032.00;12.00;1776.00;big
247;3120.00;11.55;1892.00;big
247;3059.00;11.40;1839.00;big
248;5061.00;9.88;104.00;big
248;5022.00;9.70;391.00;big
248;5093.00;10.30;288.00;big
248;5117.00;10.18;196.00;big
249;4887.00;10.20;433.00;big
249;4797.00;11.40;397.00;big
249;4643.00;9.80;286.00;big
250;4706.00;11.00;265.00;big
250;4948.00;9.50;229.00;big
250;4809.00;10.70;285.00;big
251;4332.00;9.50;772.00;small
251;4377.00;9.50;695.00;small
251;4348.00;9.50;738.00;small
252;3488.00;15.43;1288.00;small
252;3437.00;12.20;1281.00;small
252;3527.00;14.57;1251.00;small
253;3780.00;10.05;1280.00;small
253;3737.00;9.80;1353.00;small
253;3654.00;9.80;1379.00;small
254;3933.00;19.80;1294.00;small
254;3823.00;10.10;1312.00;small
254;3883.00;17.30;1296.00;small
255;4017.00;10.60;1398.00;big
255;3926.00;15.10;1344.00;big
255;3836.00;10.12;1371.00;big
256;3713.00;16.12;1573.00;big
256;3721.00;12.43;1664.00;big
256;3732.00;15.80;1777.00;big
257;4247.00;11.10;1656.00;big
257;4195.00;9.80;1750.00;big
257;4341.00;10.55;1771.00;big
258;4180.00;11.10;1600.00;big
258;4100.00;9.93;1574.00;big
259;4601.00;12.75;1674.00;big
259;4519.00;12.55;1544.00;big
259;4636.00;13.20;1573.00;big
260;4730.00;11.43;1617.00;big
260;4845.00;10.80;1529.00;big
260;4920.00;11.35;1574.00;big
261;3959.00;10.20;1102.00;small
261;3909.00;9.73;1013.00;small
261;3948.00;9.80;1031.00;small
262;4039.00;10.90;1050.00;big
262;4073.00;10.45;990.00;big
262;4001.00;10.60;1000.00;big
263;4130.00;10.65;986.00;small
263;4093.00;12.07;946.00;small
263;4033.00;10.48;885.00;small
264;4036.00;11.95;836.00;small
264;4018.00;10.28;798.00;small
264;4064.00;13.28;770.00;small
265;4104.00;18.58;1367.00;big
265;4219.00;14.15;1407.00;big
266;2888.00;10.48;804.00;small
266;2974.00;11.25;815.00;small
266;2920.00;10.00;751.00;small
267;3456.00;9.88;682.00;small
267;3558.00;12.00;804.00;small
267;3522.00;10.35;732.00;small
267;3484.00;12.20;817.00;small
268;3300.00;11.20;808.00;small
268;3201.00;11.85;797.00;small
268;3255.00;11.00;871.00;small
268;3284.00;11.88;734.00;small
269;3674.00;13.25;1256.00;small
269;3740.00;14.30;1256.00;small
269;3714.00;12.53;1205.00;small
270;4004.00;20.18;1210.00;small
270;4035.00;16.48;1151.00;small
270;3983.00;19.83;1238.00;small
271;3244.00;9.50;1336.00;small
272;3232.00;9.50;1735.00;small
272;3171.00;9.50;1686.00;small
